1 0.0148204 0.0048809
2 0.0578747 0.0303608
3 0.043989 0.0112399
4 0.0128668 -0.0053377
5 0.029122 0.0137811
6 -0.0673895 -0.0490697
7 -0.202001 -0.101085
8 -0.26052 -0.0960739
9 -0.261527 -0.0793834
10 -0.140577 -0.00665209
11 0.0395774 0.0651951
12 0.0249949 0.00461167
13 0.0121726 -0.000882168
14 -0.00063412 -0.00472013
15 -0.00462161 -0.00327524
16 0.117375 0.0712365
17 0.179162 0.0718886
18 0.194041 0.0624739
19 0.173354 0.0457714
20 0.139467 0.0317852
21 0.0957471 0.0158147
22 0.0538724 0.010141
23 0.0181775 -0.00497656
24 -0.00644905 -0.00905043
25 -0.0214224 -0.0106679
26 -0.0282838 -0.010321
27 0.0557846 0.0422342
28 0.184786 0.094599
29 0.241234 0.0900094
30 0.243946 0.0749456
31 0.126693 0.00390676
32 -0.04921 -0.0665081
33 -0.0305122 -0.00535374
34 -0.0141265 0.0016589
35 -0.00159777 0.00425882
36 0.00282892 0.00315904
37 -0.114289 -0.068554
38 -0.175383 -0.0702502
39 -0.191557 -0.0618184
40 -0.174215 -0.0467346
41 -0.138149 -0.0304363
42 -0.0929137 -0.0142076
43 -0.0537037 -0.00430595
44 -0.0192758 0.00456852
45 0.00568965 0.00922509
46 0.0210228 0.00865642
47 0.0279103 0.0105168
48 0.0283468 0.00874087
49 0.024589 0.00637977
50 0.0183882 0.00380503
51 0.0118114 0.001731
52 0.00618887 0.000336735
53 0.00146195 -0.000811206
54 -0.00180264 -0.00135369
55 0.0807951 0.0492651
56 0.122524 0.0496456
57 0.132015 0.0429534
58 0.119302 0.0325982
59 0.00725521 -0.0308092
60 -0.0625714 -0.0391536
61 -0.184723 -0.0916814
62 -0.235697 -0.0858557
63 -0.236994 -0.0715792
64 -0.203248 -0.0511454
65 -0.0678704 0.0198895
66 0.0284933 0.0371229
67 0.0876136 0.0437735
68 0.112919 0.0413339
69 0.111539 0.0330251
70 0.0971173 0.0248838
71 0.0728911 0.0147473
72 0.0468142 0.0142389
73 0.0225266 0.00333199
74 0.00470315 0.00163283
75 -0.00789429 -0.00593353
76 -0.0149228 -0.00638634
77 -0.0173392 -0.00574497
78 -0.0161633 -0.00433064
79 -0.0134686 -0.0030801
80 -0.00876343 -0.00107413
81 -0.00477507 -9.74559e-05
82 -0.00175722 0.000514988
