1 3 0 0.750002
2 1.34786 0 0.138709
3 1.54173 0 0.397065
4 1.56049 0 0.392372
5 0.800312 0 0.108857
6 1.90951 0 0.61048
7 0.663241 0 0.0162586
8 1.59983 0 0.512349
9 1.30834 0 0.292105
10 0.965951 0 0.200401
11 1.82651 0 0.559895
12 0.428238 0 0.0231632
13 1.63655 0 0.554134
14 0.845289 0 0.116371
15 1.41165 0 0.420877
16 1.26039 0 0.296946
17 1.1861 0 0.287609
18 1.44206 0 0.391229
19 1.04085 0 0.212069
20 1.53007 0 0.441222
21 1.07773 0 0.215151
22 1.38219 0 0.363817
23 1.30033 0 0.31526
24 1.20509 0 0.289844
25 1.43922 0 0.3879
26 1.08193 0 0.227606
27 1.4265 0 0.397976
28 1.17675 0 0.264218
29 1.31079 0 0.343783
30 1.32949 0 0.334616
31 1.1744 0 0.27499
32 1.46347 0 0.400557
33 1.01837 0 0.227888
34 1.38419 0 0.389945
35 1.26766 0 0.30293
36 1.20149 0 0.292431
37 1.42812 0 0.384224
38 1.05265 0 0.218108
39 1.55069 0 0.447436
40 1.00133 0 0.184411
41 1.5708 0 0.461034
42 1.01606 0 0.187448
43 1.46465 0 0.419994
44 1.27855 0 0.297305
45 1.081 0 0.246544
46 1.65648 0 0.448649
47 1.02865 0 0.181821
48 1.44675 0 0.411858
49 1.2851 0 0.301877
50 1.22334 0 0.298425
51 1.41004 0 0.374916
52 1.11457 0 0.243186
53 1.4647 0 0.408192
54 1.06591 0 0.218622
55 1.44812 0 0.407895
56 1.27171 0 0.296759
57 1.22012 0 0.298839
58 1.4311 0 0.383093
59 1.0893 0 0.231309
60 1.39528 0 0.385536
61 1.29123 0 0.310323
62 1.16749 0 0.277022
63 1.39739 0 0.376935
64 1.15814 0 0.260823
65 1.29523 0 0.340257
66 1.27308 0 0.315612
67 1.25529 0 0.311687
68 1.30171 0 0.331
69 1.22861 0 0.29838
70 1.31496 0 0.3391
71 1.23933 0 0.300757
72 1.26732 0 0.316829
73 1.3133 0 0.331083
74 1.26433 0 0.316082
75 1.21566 0 0.298076
76 1.3512 0 0.354066
77 1.22098 0 0.289618
78 1.31521 0 0.34011
79 1.26898 0 0.311699
80 1.24674 0 0.309015
81 1.27731 0 0.322995
82 1.27432 0 0.318222
